1500 1500 3000 -2.000 -1.250 0.750 1.500
1500 1500 3000 -1.250 -0.500 0.750 1.500
1500 1500 3000 -0.500 0.250 0.750 1.500
1500 1500 3000 0.250 1.000 0.750 1.500
1500 1500 3000 -2.000 -1.250 0.000 0.750
1500 1500 3000 -1.250 -0.500 0.000 0.750
1500 1500 3000 -0.500 0.250 0.000 0.750
1500 1500 3000 0.250 1.000 0.000 0.750
1500 1500 3000 -2.000 -1.250 -0.750 0.000
1500 1500 3000 -1.250 -0.500 -0.750 0.000
1500 1500 3000 -0.500 0.250 -0.750 0.000
1500 1500 3000 0.250 1.000 -0.750 0.000
1500 1500 3000 -2.000 -1.250 -1.500 -0.750
1500 1500 3000 -1.250 -0.500 -1.500 -0.750
1500 1500 3000 -0.500 0.250 -1.500 -0.750
1500 1500 3000 0.250 1.000 -1.500 -0.750
1500 1500 3000 -2 1 -1.5 1.5
