1500 1500 3000 -2.000 -1.850 1.350 1.500
1500 1500 3000 -1.850 -1.700 1.350 1.500
1500 1500 3000 -1.700 -1.550 1.350 1.500
1500 1500 3000 -1.550 -1.400 1.350 1.500
1500 1500 3000 -1.400 -1.250 1.350 1.500
1500 1500 3000 -1.250 -1.100 1.350 1.500
1500 1500 3000 -1.100 -0.950 1.350 1.500
1500 1500 3000 -0.950 -0.800 1.350 1.500
1500 1500 3000 -0.800 -0.650 1.350 1.500
1500 1500 3000 -0.650 -0.500 1.350 1.500
1500 1500 3000 -0.500 -0.350 1.350 1.500
1500 1500 3000 -0.350 -0.200 1.350 1.500
1500 1500 3000 -0.200 -0.050 1.350 1.500
1500 1500 3000 -0.050 0.100 1.350 1.500
1500 1500 3000 0.100 0.250 1.350 1.500
1500 1500 3000 0.250 0.400 1.350 1.500
1500 1500 3000 0.400 0.550 1.350 1.500
1500 1500 3000 0.550 0.700 1.350 1.500
1500 1500 3000 0.700 0.850 1.350 1.500
1500 1500 3000 0.850 1.000 1.350 1.500
1500 1500 3000 -2.000 -1.850 1.200 1.350
1500 1500 3000 -1.850 -1.700 1.200 1.350
1500 1500 3000 -1.700 -1.550 1.200 1.350
1500 1500 3000 -1.550 -1.400 1.200 1.350
1500 1500 3000 -1.400 -1.250 1.200 1.350
1500 1500 3000 -1.250 -1.100 1.200 1.350
1500 1500 3000 -1.100 -0.950 1.200 1.350
1500 1500 3000 -0.950 -0.800 1.200 1.350
1500 1500 3000 -0.800 -0.650 1.200 1.350
1500 1500 3000 -0.650 -0.500 1.200 1.350
1500 1500 3000 -0.500 -0.350 1.200 1.350
1500 1500 3000 -0.350 -0.200 1.200 1.350
1500 1500 3000 -0.200 -0.050 1.200 1.350
1500 1500 3000 -0.050 0.100 1.200 1.350
1500 1500 3000 0.100 0.250 1.200 1.350
1500 1500 3000 0.250 0.400 1.200 1.350
1500 1500 3000 0.400 0.550 1.200 1.350
1500 1500 3000 0.550 0.700 1.200 1.350
1500 1500 3000 0.700 0.850 1.200 1.350
1500 1500 3000 0.850 1.000 1.200 1.350
1500 1500 3000 -2.000 -1.850 1.050 1.200
1500 1500 3000 -1.850 -1.700 1.050 1.200
1500 1500 3000 -1.700 -1.550 1.050 1.200
1500 1500 3000 -1.550 -1.400 1.050 1.200
1500 1500 3000 -1.400 -1.250 1.050 1.200
1500 1500 3000 -1.250 -1.100 1.050 1.200
1500 1500 3000 -1.100 -0.950 1.050 1.200
1500 1500 3000 -0.950 -0.800 1.050 1.200
1500 1500 3000 -0.800 -0.650 1.050 1.200
1500 1500 3000 -0.650 -0.500 1.050 1.200
1500 1500 3000 -0.500 -0.350 1.050 1.200
1500 1500 3000 -0.350 -0.200 1.050 1.200
1500 1500 3000 -0.200 -0.050 1.050 1.200
1500 1500 3000 -0.050 0.100 1.050 1.200
1500 1500 3000 0.100 0.250 1.050 1.200
1500 1500 3000 0.250 0.400 1.050 1.200
1500 1500 3000 0.400 0.550 1.050 1.200
1500 1500 3000 0.550 0.700 1.050 1.200
1500 1500 3000 0.700 0.850 1.050 1.200
1500 1500 3000 0.850 1.000 1.050 1.200
1500 1500 3000 -2.000 -1.850 0.900 1.050
1500 1500 3000 -1.850 -1.700 0.900 1.050
1500 1500 3000 -1.700 -1.550 0.900 1.050
1500 1500 3000 -1.550 -1.400 0.900 1.050
1500 1500 3000 -1.400 -1.250 0.900 1.050
1500 1500 3000 -1.250 -1.100 0.900 1.050
1500 1500 3000 -1.100 -0.950 0.900 1.050
1500 1500 3000 -0.950 -0.800 0.900 1.050
1500 1500 3000 -0.800 -0.650 0.900 1.050
1500 1500 3000 -0.650 -0.500 0.900 1.050
1500 1500 3000 -0.500 -0.350 0.900 1.050
1500 1500 3000 -0.350 -0.200 0.900 1.050
1500 1500 3000 -0.200 -0.050 0.900 1.050
1500 1500 3000 -0.050 0.100 0.900 1.050
1500 1500 3000 0.100 0.250 0.900 1.050
1500 1500 3000 0.250 0.400 0.900 1.050
1500 1500 3000 0.400 0.550 0.900 1.050
1500 1500 3000 0.550 0.700 0.900 1.050
1500 1500 3000 0.700 0.850 0.900 1.050
1500 1500 3000 0.850 1.000 0.900 1.050
1500 1500 3000 -2.000 -1.850 0.750 0.900
1500 1500 3000 -1.850 -1.700 0.750 0.900
1500 1500 3000 -1.700 -1.550 0.750 0.900
1500 1500 3000 -1.550 -1.400 0.750 0.900
1500 1500 3000 -1.400 -1.250 0.750 0.900
1500 1500 3000 -1.250 -1.100 0.750 0.900
1500 1500 3000 -1.100 -0.950 0.750 0.900
1500 1500 3000 -0.950 -0.800 0.750 0.900
1500 1500 3000 -0.800 -0.650 0.750 0.900
1500 1500 3000 -0.650 -0.500 0.750 0.900
1500 1500 3000 -0.500 -0.350 0.750 0.900
1500 1500 3000 -0.350 -0.200 0.750 0.900
1500 1500 3000 -0.200 -0.050 0.750 0.900
1500 1500 3000 -0.050 0.100 0.750 0.900
1500 1500 3000 0.100 0.250 0.750 0.900
1500 1500 3000 0.250 0.400 0.750 0.900
1500 1500 3000 0.400 0.550 0.750 0.900
1500 1500 3000 0.550 0.700 0.750 0.900
1500 1500 3000 0.700 0.850 0.750 0.900
1500 1500 3000 0.850 1.000 0.750 0.900
1500 1500 3000 -2.000 -1.850 0.600 0.750
1500 1500 3000 -1.850 -1.700 0.600 0.750
1500 1500 3000 -1.700 -1.550 0.600 0.750
1500 1500 3000 -1.550 -1.400 0.600 0.750
1500 1500 3000 -1.400 -1.250 0.600 0.750
1500 1500 3000 -1.250 -1.100 0.600 0.750
1500 1500 3000 -1.100 -0.950 0.600 0.750
1500 1500 3000 -0.950 -0.800 0.600 0.750
1500 1500 3000 -0.800 -0.650 0.600 0.750
1500 1500 3000 -0.650 -0.500 0.600 0.750
1500 1500 3000 -0.500 -0.350 0.600 0.750
1500 1500 3000 -0.350 -0.200 0.600 0.750
1500 1500 3000 -0.200 -0.050 0.600 0.750
1500 1500 3000 -0.050 0.100 0.600 0.750
1500 1500 3000 0.100 0.250 0.600 0.750
1500 1500 3000 0.250 0.400 0.600 0.750
1500 1500 3000 0.400 0.550 0.600 0.750
1500 1500 3000 0.550 0.700 0.600 0.750
1500 1500 3000 0.700 0.850 0.600 0.750
1500 1500 3000 0.850 1.000 0.600 0.750
1500 1500 3000 -2.000 -1.850 0.450 0.600
1500 1500 3000 -1.850 -1.700 0.450 0.600
1500 1500 3000 -1.700 -1.550 0.450 0.600
1500 1500 3000 -1.550 -1.400 0.450 0.600
1500 1500 3000 -1.400 -1.250 0.450 0.600
1500 1500 3000 -1.250 -1.100 0.450 0.600
1500 1500 3000 -1.100 -0.950 0.450 0.600
1500 1500 3000 -0.950 -0.800 0.450 0.600
1500 1500 3000 -0.800 -0.650 0.450 0.600
1500 1500 3000 -0.650 -0.500 0.450 0.600
1500 1500 3000 -0.500 -0.350 0.450 0.600
1500 1500 3000 -0.350 -0.200 0.450 0.600
1500 1500 3000 -0.200 -0.050 0.450 0.600
1500 1500 3000 -0.050 0.100 0.450 0.600
1500 1500 3000 0.100 0.250 0.450 0.600
1500 1500 3000 0.250 0.400 0.450 0.600
1500 1500 3000 0.400 0.550 0.450 0.600
1500 1500 3000 0.550 0.700 0.450 0.600
1500 1500 3000 0.700 0.850 0.450 0.600
1500 1500 3000 0.850 1.000 0.450 0.600
1500 1500 3000 -2.000 -1.850 0.300 0.450
1500 1500 3000 -1.850 -1.700 0.300 0.450
1500 1500 3000 -1.700 -1.550 0.300 0.450
1500 1500 3000 -1.550 -1.400 0.300 0.450
1500 1500 3000 -1.400 -1.250 0.300 0.450
1500 1500 3000 -1.250 -1.100 0.300 0.450
1500 1500 3000 -1.100 -0.950 0.300 0.450
1500 1500 3000 -0.950 -0.800 0.300 0.450
1500 1500 3000 -0.800 -0.650 0.300 0.450
1500 1500 3000 -0.650 -0.500 0.300 0.450
1500 1500 3000 -0.500 -0.350 0.300 0.450
1500 1500 3000 -0.350 -0.200 0.300 0.450
1500 1500 3000 -0.200 -0.050 0.300 0.450
1500 1500 3000 -0.050 0.100 0.300 0.450
1500 1500 3000 0.100 0.250 0.300 0.450
1500 1500 3000 0.250 0.400 0.300 0.450
1500 1500 3000 0.400 0.550 0.300 0.450
1500 1500 3000 0.550 0.700 0.300 0.450
1500 1500 3000 0.700 0.850 0.300 0.450
1500 1500 3000 0.850 1.000 0.300 0.450
1500 1500 3000 -2.000 -1.850 0.150 0.300
1500 1500 3000 -1.850 -1.700 0.150 0.300
1500 1500 3000 -1.700 -1.550 0.150 0.300
1500 1500 3000 -1.550 -1.400 0.150 0.300
1500 1500 3000 -1.400 -1.250 0.150 0.300
1500 1500 3000 -1.250 -1.100 0.150 0.300
1500 1500 3000 -1.100 -0.950 0.150 0.300
1500 1500 3000 -0.950 -0.800 0.150 0.300
1500 1500 3000 -0.800 -0.650 0.150 0.300
1500 1500 3000 -0.650 -0.500 0.150 0.300
1500 1500 3000 -0.500 -0.350 0.150 0.300
1500 1500 3000 -0.350 -0.200 0.150 0.300
1500 1500 3000 -0.200 -0.050 0.150 0.300
1500 1500 3000 -0.050 0.100 0.150 0.300
1500 1500 3000 0.100 0.250 0.150 0.300
1500 1500 3000 0.250 0.400 0.150 0.300
1500 1500 3000 0.400 0.550 0.150 0.300
1500 1500 3000 0.550 0.700 0.150 0.300
1500 1500 3000 0.700 0.850 0.150 0.300
1500 1500 3000 0.850 1.000 0.150 0.300
1500 1500 3000 -2.000 -1.850 0.000 0.150
1500 1500 3000 -1.850 -1.700 0.000 0.150
1500 1500 3000 -1.700 -1.550 0.000 0.150
1500 1500 3000 -1.550 -1.400 0.000 0.150
1500 1500 3000 -1.400 -1.250 0.000 0.150
1500 1500 3000 -1.250 -1.100 0.000 0.150
1500 1500 3000 -1.100 -0.950 0.000 0.150
1500 1500 3000 -0.950 -0.800 0.000 0.150
1500 1500 3000 -0.800 -0.650 0.000 0.150
1500 1500 3000 -0.650 -0.500 0.000 0.150
1500 1500 3000 -0.500 -0.350 0.000 0.150
1500 1500 3000 -0.350 -0.200 0.000 0.150
1500 1500 3000 -0.200 -0.050 0.000 0.150
1500 1500 3000 -0.050 0.100 0.000 0.150
1500 1500 3000 0.100 0.250 0.000 0.150
1500 1500 3000 0.250 0.400 0.000 0.150
1500 1500 3000 0.400 0.550 0.000 0.150
1500 1500 3000 0.550 0.700 0.000 0.150
1500 1500 3000 0.700 0.850 0.000 0.150
1500 1500 3000 0.850 1.000 0.000 0.150
1500 1500 3000 -2.000 -1.850 -0.150 0.000
1500 1500 3000 -1.850 -1.700 -0.150 0.000
1500 1500 3000 -1.700 -1.550 -0.150 0.000
1500 1500 3000 -1.550 -1.400 -0.150 0.000
1500 1500 3000 -1.400 -1.250 -0.150 0.000
1500 1500 3000 -1.250 -1.100 -0.150 0.000
1500 1500 3000 -1.100 -0.950 -0.150 0.000
1500 1500 3000 -0.950 -0.800 -0.150 0.000
1500 1500 3000 -0.800 -0.650 -0.150 0.000
1500 1500 3000 -0.650 -0.500 -0.150 0.000
1500 1500 3000 -0.500 -0.350 -0.150 0.000
1500 1500 3000 -0.350 -0.200 -0.150 0.000
1500 1500 3000 -0.200 -0.050 -0.150 0.000
1500 1500 3000 -0.050 0.100 -0.150 0.000
1500 1500 3000 0.100 0.250 -0.150 0.000
1500 1500 3000 0.250 0.400 -0.150 0.000
1500 1500 3000 0.400 0.550 -0.150 0.000
1500 1500 3000 0.550 0.700 -0.150 0.000
1500 1500 3000 0.700 0.850 -0.150 0.000
1500 1500 3000 0.850 1.000 -0.150 0.000
1500 1500 3000 -2.000 -1.850 -0.300 -0.150
1500 1500 3000 -1.850 -1.700 -0.300 -0.150
1500 1500 3000 -1.700 -1.550 -0.300 -0.150
1500 1500 3000 -1.550 -1.400 -0.300 -0.150
1500 1500 3000 -1.400 -1.250 -0.300 -0.150
1500 1500 3000 -1.250 -1.100 -0.300 -0.150
1500 1500 3000 -1.100 -0.950 -0.300 -0.150
1500 1500 3000 -0.950 -0.800 -0.300 -0.150
1500 1500 3000 -0.800 -0.650 -0.300 -0.150
1500 1500 3000 -0.650 -0.500 -0.300 -0.150
1500 1500 3000 -0.500 -0.350 -0.300 -0.150
1500 1500 3000 -0.350 -0.200 -0.300 -0.150
1500 1500 3000 -0.200 -0.050 -0.300 -0.150
1500 1500 3000 -0.050 0.100 -0.300 -0.150
1500 1500 3000 0.100 0.250 -0.300 -0.150
1500 1500 3000 0.250 0.400 -0.300 -0.150
1500 1500 3000 0.400 0.550 -0.300 -0.150
1500 1500 3000 0.550 0.700 -0.300 -0.150
1500 1500 3000 0.700 0.850 -0.300 -0.150
1500 1500 3000 0.850 1.000 -0.300 -0.150
1500 1500 3000 -2.000 -1.850 -0.450 -0.300
1500 1500 3000 -1.850 -1.700 -0.450 -0.300
1500 1500 3000 -1.700 -1.550 -0.450 -0.300
1500 1500 3000 -1.550 -1.400 -0.450 -0.300
1500 1500 3000 -1.400 -1.250 -0.450 -0.300
1500 1500 3000 -1.250 -1.100 -0.450 -0.300
1500 1500 3000 -1.100 -0.950 -0.450 -0.300
1500 1500 3000 -0.950 -0.800 -0.450 -0.300
1500 1500 3000 -0.800 -0.650 -0.450 -0.300
1500 1500 3000 -0.650 -0.500 -0.450 -0.300
1500 1500 3000 -0.500 -0.350 -0.450 -0.300
1500 1500 3000 -0.350 -0.200 -0.450 -0.300
1500 1500 3000 -0.200 -0.050 -0.450 -0.300
1500 1500 3000 -0.050 0.100 -0.450 -0.300
1500 1500 3000 0.100 0.250 -0.450 -0.300
1500 1500 3000 0.250 0.400 -0.450 -0.300
1500 1500 3000 0.400 0.550 -0.450 -0.300
1500 1500 3000 0.550 0.700 -0.450 -0.300
1500 1500 3000 0.700 0.850 -0.450 -0.300
1500 1500 3000 0.850 1.000 -0.450 -0.300
1500 1500 3000 -2.000 -1.850 -0.600 -0.450
1500 1500 3000 -1.850 -1.700 -0.600 -0.450
1500 1500 3000 -1.700 -1.550 -0.600 -0.450
1500 1500 3000 -1.550 -1.400 -0.600 -0.450
1500 1500 3000 -1.400 -1.250 -0.600 -0.450
1500 1500 3000 -1.250 -1.100 -0.600 -0.450
1500 1500 3000 -1.100 -0.950 -0.600 -0.450
1500 1500 3000 -0.950 -0.800 -0.600 -0.450
1500 1500 3000 -0.800 -0.650 -0.600 -0.450
1500 1500 3000 -0.650 -0.500 -0.600 -0.450
1500 1500 3000 -0.500 -0.350 -0.600 -0.450
1500 1500 3000 -0.350 -0.200 -0.600 -0.450
1500 1500 3000 -0.200 -0.050 -0.600 -0.450
1500 1500 3000 -0.050 0.100 -0.600 -0.450
1500 1500 3000 0.100 0.250 -0.600 -0.450
1500 1500 3000 0.250 0.400 -0.600 -0.450
1500 1500 3000 0.400 0.550 -0.600 -0.450
1500 1500 3000 0.550 0.700 -0.600 -0.450
1500 1500 3000 0.700 0.850 -0.600 -0.450
1500 1500 3000 0.850 1.000 -0.600 -0.450
1500 1500 3000 -2.000 -1.850 -0.750 -0.600
1500 1500 3000 -1.850 -1.700 -0.750 -0.600
1500 1500 3000 -1.700 -1.550 -0.750 -0.600
1500 1500 3000 -1.550 -1.400 -0.750 -0.600
1500 1500 3000 -1.400 -1.250 -0.750 -0.600
1500 1500 3000 -1.250 -1.100 -0.750 -0.600
1500 1500 3000 -1.100 -0.950 -0.750 -0.600
1500 1500 3000 -0.950 -0.800 -0.750 -0.600
1500 1500 3000 -0.800 -0.650 -0.750 -0.600
1500 1500 3000 -0.650 -0.500 -0.750 -0.600
1500 1500 3000 -0.500 -0.350 -0.750 -0.600
1500 1500 3000 -0.350 -0.200 -0.750 -0.600
1500 1500 3000 -0.200 -0.050 -0.750 -0.600
1500 1500 3000 -0.050 0.100 -0.750 -0.600
1500 1500 3000 0.100 0.250 -0.750 -0.600
1500 1500 3000 0.250 0.400 -0.750 -0.600
1500 1500 3000 0.400 0.550 -0.750 -0.600
1500 1500 3000 0.550 0.700 -0.750 -0.600
1500 1500 3000 0.700 0.850 -0.750 -0.600
1500 1500 3000 0.850 1.000 -0.750 -0.600
1500 1500 3000 -2.000 -1.850 -0.900 -0.750
1500 1500 3000 -1.850 -1.700 -0.900 -0.750
1500 1500 3000 -1.700 -1.550 -0.900 -0.750
1500 1500 3000 -1.550 -1.400 -0.900 -0.750
1500 1500 3000 -1.400 -1.250 -0.900 -0.750
1500 1500 3000 -1.250 -1.100 -0.900 -0.750
1500 1500 3000 -1.100 -0.950 -0.900 -0.750
1500 1500 3000 -0.950 -0.800 -0.900 -0.750
1500 1500 3000 -0.800 -0.650 -0.900 -0.750
1500 1500 3000 -0.650 -0.500 -0.900 -0.750
1500 1500 3000 -0.500 -0.350 -0.900 -0.750
1500 1500 3000 -0.350 -0.200 -0.900 -0.750
1500 1500 3000 -0.200 -0.050 -0.900 -0.750
1500 1500 3000 -0.050 0.100 -0.900 -0.750
1500 1500 3000 0.100 0.250 -0.900 -0.750
1500 1500 3000 0.250 0.400 -0.900 -0.750
1500 1500 3000 0.400 0.550 -0.900 -0.750
1500 1500 3000 0.550 0.700 -0.900 -0.750
1500 1500 3000 0.700 0.850 -0.900 -0.750
1500 1500 3000 0.850 1.000 -0.900 -0.750
1500 1500 3000 -2.000 -1.850 -1.050 -0.900
1500 1500 3000 -1.850 -1.700 -1.050 -0.900
1500 1500 3000 -1.700 -1.550 -1.050 -0.900
1500 1500 3000 -1.550 -1.400 -1.050 -0.900
1500 1500 3000 -1.400 -1.250 -1.050 -0.900
1500 1500 3000 -1.250 -1.100 -1.050 -0.900
1500 1500 3000 -1.100 -0.950 -1.050 -0.900
1500 1500 3000 -0.950 -0.800 -1.050 -0.900
1500 1500 3000 -0.800 -0.650 -1.050 -0.900
1500 1500 3000 -0.650 -0.500 -1.050 -0.900
1500 1500 3000 -0.500 -0.350 -1.050 -0.900
1500 1500 3000 -0.350 -0.200 -1.050 -0.900
1500 1500 3000 -0.200 -0.050 -1.050 -0.900
1500 1500 3000 -0.050 0.100 -1.050 -0.900
1500 1500 3000 0.100 0.250 -1.050 -0.900
1500 1500 3000 0.250 0.400 -1.050 -0.900
1500 1500 3000 0.400 0.550 -1.050 -0.900
1500 1500 3000 0.550 0.700 -1.050 -0.900
1500 1500 3000 0.700 0.850 -1.050 -0.900
1500 1500 3000 0.850 1.000 -1.050 -0.900
1500 1500 3000 -2.000 -1.850 -1.200 -1.050
1500 1500 3000 -1.850 -1.700 -1.200 -1.050
1500 1500 3000 -1.700 -1.550 -1.200 -1.050
1500 1500 3000 -1.550 -1.400 -1.200 -1.050
1500 1500 3000 -1.400 -1.250 -1.200 -1.050
1500 1500 3000 -1.250 -1.100 -1.200 -1.050
1500 1500 3000 -1.100 -0.950 -1.200 -1.050
1500 1500 3000 -0.950 -0.800 -1.200 -1.050
1500 1500 3000 -0.800 -0.650 -1.200 -1.050
1500 1500 3000 -0.650 -0.500 -1.200 -1.050
1500 1500 3000 -0.500 -0.350 -1.200 -1.050
1500 1500 3000 -0.350 -0.200 -1.200 -1.050
1500 1500 3000 -0.200 -0.050 -1.200 -1.050
1500 1500 3000 -0.050 0.100 -1.200 -1.050
1500 1500 3000 0.100 0.250 -1.200 -1.050
1500 1500 3000 0.250 0.400 -1.200 -1.050
1500 1500 3000 0.400 0.550 -1.200 -1.050
1500 1500 3000 0.550 0.700 -1.200 -1.050
1500 1500 3000 0.700 0.850 -1.200 -1.050
1500 1500 3000 0.850 1.000 -1.200 -1.050
1500 1500 3000 -2.000 -1.850 -1.350 -1.200
1500 1500 3000 -1.850 -1.700 -1.350 -1.200
1500 1500 3000 -1.700 -1.550 -1.350 -1.200
1500 1500 3000 -1.550 -1.400 -1.350 -1.200
1500 1500 3000 -1.400 -1.250 -1.350 -1.200
1500 1500 3000 -1.250 -1.100 -1.350 -1.200
1500 1500 3000 -1.100 -0.950 -1.350 -1.200
1500 1500 3000 -0.950 -0.800 -1.350 -1.200
1500 1500 3000 -0.800 -0.650 -1.350 -1.200
1500 1500 3000 -0.650 -0.500 -1.350 -1.200
1500 1500 3000 -0.500 -0.350 -1.350 -1.200
1500 1500 3000 -0.350 -0.200 -1.350 -1.200
1500 1500 3000 -0.200 -0.050 -1.350 -1.200
1500 1500 3000 -0.050 0.100 -1.350 -1.200
1500 1500 3000 0.100 0.250 -1.350 -1.200
1500 1500 3000 0.250 0.400 -1.350 -1.200
1500 1500 3000 0.400 0.550 -1.350 -1.200
1500 1500 3000 0.550 0.700 -1.350 -1.200
1500 1500 3000 0.700 0.850 -1.350 -1.200
1500 1500 3000 0.850 1.000 -1.350 -1.200
1500 1500 3000 -2.000 -1.850 -1.500 -1.350
1500 1500 3000 -1.850 -1.700 -1.500 -1.350
1500 1500 3000 -1.700 -1.550 -1.500 -1.350
1500 1500 3000 -1.550 -1.400 -1.500 -1.350
1500 1500 3000 -1.400 -1.250 -1.500 -1.350
1500 1500 3000 -1.250 -1.100 -1.500 -1.350
1500 1500 3000 -1.100 -0.950 -1.500 -1.350
1500 1500 3000 -0.950 -0.800 -1.500 -1.350
1500 1500 3000 -0.800 -0.650 -1.500 -1.350
1500 1500 3000 -0.650 -0.500 -1.500 -1.350
1500 1500 3000 -0.500 -0.350 -1.500 -1.350
1500 1500 3000 -0.350 -0.200 -1.500 -1.350
1500 1500 3000 -0.200 -0.050 -1.500 -1.350
1500 1500 3000 -0.050 0.100 -1.500 -1.350
1500 1500 3000 0.100 0.250 -1.500 -1.350
1500 1500 3000 0.250 0.400 -1.500 -1.350
1500 1500 3000 0.400 0.550 -1.500 -1.350
1500 1500 3000 0.550 0.700 -1.500 -1.350
1500 1500 3000 0.700 0.850 -1.500 -1.350
1500 1500 3000 0.850 1.000 -1.500 -1.350
1500 1500 3000 -2 1 -1.5 1.5
