1500 1500 3000 -2.000 -1.700 1.200 1.500
1500 1500 3000 -1.700 -1.400 1.200 1.500
1500 1500 3000 -1.400 -1.100 1.200 1.500
1500 1500 3000 -1.100 -0.800 1.200 1.500
1500 1500 3000 -0.800 -0.500 1.200 1.500
1500 1500 3000 -0.500 -0.200 1.200 1.500
1500 1500 3000 -0.200 0.100 1.200 1.500
1500 1500 3000 0.100 0.400 1.200 1.500
1500 1500 3000 0.400 0.700 1.200 1.500
1500 1500 3000 0.700 1.000 1.200 1.500
1500 1500 3000 -2.000 -1.700 0.900 1.200
1500 1500 3000 -1.700 -1.400 0.900 1.200
1500 1500 3000 -1.400 -1.100 0.900 1.200
1500 1500 3000 -1.100 -0.800 0.900 1.200
1500 1500 3000 -0.800 -0.500 0.900 1.200
1500 1500 3000 -0.500 -0.200 0.900 1.200
1500 1500 3000 -0.200 0.100 0.900 1.200
1500 1500 3000 0.100 0.400 0.900 1.200
1500 1500 3000 0.400 0.700 0.900 1.200
1500 1500 3000 0.700 1.000 0.900 1.200
1500 1500 3000 -2.000 -1.700 0.600 0.900
1500 1500 3000 -1.700 -1.400 0.600 0.900
1500 1500 3000 -1.400 -1.100 0.600 0.900
1500 1500 3000 -1.100 -0.800 0.600 0.900
1500 1500 3000 -0.800 -0.500 0.600 0.900
1500 1500 3000 -0.500 -0.200 0.600 0.900
1500 1500 3000 -0.200 0.100 0.600 0.900
1500 1500 3000 0.100 0.400 0.600 0.900
1500 1500 3000 0.400 0.700 0.600 0.900
1500 1500 3000 0.700 1.000 0.600 0.900
1500 1500 3000 -2.000 -1.700 0.300 0.600
1500 1500 3000 -1.700 -1.400 0.300 0.600
1500 1500 3000 -1.400 -1.100 0.300 0.600
1500 1500 3000 -1.100 -0.800 0.300 0.600
1500 1500 3000 -0.800 -0.500 0.300 0.600
1500 1500 3000 -0.500 -0.200 0.300 0.600
1500 1500 3000 -0.200 0.100 0.300 0.600
1500 1500 3000 0.100 0.400 0.300 0.600
1500 1500 3000 0.400 0.700 0.300 0.600
1500 1500 3000 0.700 1.000 0.300 0.600
1500 1500 3000 -2.000 -1.700 0.000 0.300
1500 1500 3000 -1.700 -1.400 0.000 0.300
1500 1500 3000 -1.400 -1.100 0.000 0.300
1500 1500 3000 -1.100 -0.800 0.000 0.300
1500 1500 3000 -0.800 -0.500 0.000 0.300
1500 1500 3000 -0.500 -0.200 0.000 0.300
1500 1500 3000 -0.200 0.100 0.000 0.300
1500 1500 3000 0.100 0.400 0.000 0.300
1500 1500 3000 0.400 0.700 0.000 0.300
1500 1500 3000 0.700 1.000 0.000 0.300
1500 1500 3000 -2.000 -1.700 -0.300 0.000
1500 1500 3000 -1.700 -1.400 -0.300 0.000
1500 1500 3000 -1.400 -1.100 -0.300 0.000
1500 1500 3000 -1.100 -0.800 -0.300 0.000
1500 1500 3000 -0.800 -0.500 -0.300 0.000
1500 1500 3000 -0.500 -0.200 -0.300 0.000
1500 1500 3000 -0.200 0.100 -0.300 0.000
1500 1500 3000 0.100 0.400 -0.300 0.000
1500 1500 3000 0.400 0.700 -0.300 0.000
1500 1500 3000 0.700 1.000 -0.300 0.000
1500 1500 3000 -2.000 -1.700 -0.600 -0.300
1500 1500 3000 -1.700 -1.400 -0.600 -0.300
1500 1500 3000 -1.400 -1.100 -0.600 -0.300
1500 1500 3000 -1.100 -0.800 -0.600 -0.300
1500 1500 3000 -0.800 -0.500 -0.600 -0.300
1500 1500 3000 -0.500 -0.200 -0.600 -0.300
1500 1500 3000 -0.200 0.100 -0.600 -0.300
1500 1500 3000 0.100 0.400 -0.600 -0.300
1500 1500 3000 0.400 0.700 -0.600 -0.300
1500 1500 3000 0.700 1.000 -0.600 -0.300
1500 1500 3000 -2.000 -1.700 -0.900 -0.600
1500 1500 3000 -1.700 -1.400 -0.900 -0.600
1500 1500 3000 -1.400 -1.100 -0.900 -0.600
1500 1500 3000 -1.100 -0.800 -0.900 -0.600
1500 1500 3000 -0.800 -0.500 -0.900 -0.600
1500 1500 3000 -0.500 -0.200 -0.900 -0.600
1500 1500 3000 -0.200 0.100 -0.900 -0.600
1500 1500 3000 0.100 0.400 -0.900 -0.600
1500 1500 3000 0.400 0.700 -0.900 -0.600
1500 1500 3000 0.700 1.000 -0.900 -0.600
1500 1500 3000 -2.000 -1.700 -1.200 -0.900
1500 1500 3000 -1.700 -1.400 -1.200 -0.900
1500 1500 3000 -1.400 -1.100 -1.200 -0.900
1500 1500 3000 -1.100 -0.800 -1.200 -0.900
1500 1500 3000 -0.800 -0.500 -1.200 -0.900
1500 1500 3000 -0.500 -0.200 -1.200 -0.900
1500 1500 3000 -0.200 0.100 -1.200 -0.900
1500 1500 3000 0.100 0.400 -1.200 -0.900
1500 1500 3000 0.400 0.700 -1.200 -0.900
1500 1500 3000 0.700 1.000 -1.200 -0.900
1500 1500 3000 -2.000 -1.700 -1.500 -1.200
1500 1500 3000 -1.700 -1.400 -1.500 -1.200
1500 1500 3000 -1.400 -1.100 -1.500 -1.200
1500 1500 3000 -1.100 -0.800 -1.500 -1.200
1500 1500 3000 -0.800 -0.500 -1.500 -1.200
1500 1500 3000 -0.500 -0.200 -1.500 -1.200
1500 1500 3000 -0.200 0.100 -1.500 -1.200
1500 1500 3000 0.100 0.400 -1.500 -1.200
1500 1500 3000 0.400 0.700 -1.500 -1.200
1500 1500 3000 0.700 1.000 -1.500 -1.200
1500 1500 3000 -2 1 -1.5 1.5
